0	0	0.220	0.134	0.256	0.022	0.020	0.085	0.263
1	1	0.282	0.052	0.180	0.176	0.018	0.284	0.007
2	10	0.285	0.602	0.006	0.016	0.086	0.000	0.006
3	100	0.046	0.280	0.088	0.003	0.050	0.170	0.363
4	1000	0.102	0.017	0.155	0.431	0.004	0.035	0.255
5	1001	0.047	0.001	0.621	0.179	0.014	0.012	0.126
6	1002	0.242	0.060	0.255	0.149	0.008	0.105	0.180
7	1003	0.218	0.125	0.002	0.011	0.000	0.000	0.643
8	1004	0.077	0.498	0.273	0.152	0.000	0.000	0.000
9	1005	0.077	0.498	0.276	0.148	0.000	0.000	0.000
10	1006	0.115	0.162	0.443	0.032	0.002	0.161	0.084
11	1007	0.134	0.135	0.338	0.099	0.004	0.143	0.146
12	1008	0.403	0.000	0.397	0.069	0.023	0.108	0.000
13	1009	0.097	0.008	0.388	0.154	0.024	0.182	0.146
14	101	0.073	0.088	0.309	0.015	0.000	0.390	0.125
15	1010	0.097	0.131	0.148	0.095	0.001	0.313	0.215
16	1011	0.005	0.000	0.402	0.083	0.052	0.387	0.070
17	1012	0.103	0.039	0.263	0.014	0.004	0.229	0.348
18	1013	0.001	0.739	0.062	0.162	0.017	0.000	0.020
19	1014	0.046	0.017	0.370	0.040	0.077	0.376	0.074
20	1015	0.039	0.189	0.527	0.022	0.027	0.000	0.196
21	1016	0.000	0.048	0.252	0.069	0.060	0.523	0.047
22	1017	0.149	0.172	0.287	0.013	0.002	0.048	0.328
23	1018	0.051	0.227	0.457	0.132	0.000	0.130	0.002
24	1019	0.034	0.113	0.181	0.016	0.000	0.377	0.278
25	102	0.054	0.173	0.308	0.032	0.001	0.273	0.160
26	1020	0.009	0.029	0.575	0.029	0.000	0.171	0.187
27	1021	0.137	0.001	0.126	0.169	0.052	0.344	0.172
28	1022	0.002	0.129	0.226	0.018	0.001	0.331	0.293
29	1023	0.342	0.009	0.227	0.000	0.040	0.000	0.382
30	1024	0.326	0.001	0.339	0.045	0.006	0.033	0.249
31	1025	0.000	0.118	0.076	0.116	0.001	0.130	0.558
32	1026	0.421	0.054	0.000	0.001	0.000	0.000	0.523
33	1027	0.122	0.095	0.057	0.062	0.000	0.374	0.290
34	1028	0.498	0.019	0.000	0.029	0.079	0.315	0.058
35	1029	0.000	0.010	0.052	0.621	0.001	0.000	0.316
36	103	0.303	0.087	0.332	0.052	0.006	0.115	0.105
37	1030	0.499	0.422	0.040	0.000	0.029	0.000	0.009
38	1031	0.146	0.043	0.236	0.009	0.001	0.279	0.285
39	1032	0.129	0.044	0.214	0.025	0.007	0.000	0.581
40	1033	0.126	0.050	0.176	0.161	0.009	0.341	0.137
41	1034	0.020	0.079	0.223	0.057	0.000	0.338	0.282
42	1035	0.064	0.082	0.304	0.010	0.000	0.356	0.184
43	1036	0.207	0.003	0.389	0.071	0.005	0.107	0.219
44	1037	0.004	0.146	0.222	0.042	0.000	0.491	0.094
45	1038	0.047	0.550	0.059	0.235	0.070	0.000	0.038
46	1039	0.139	0.252	0.077	0.035	0.001	0.305	0.191
47	104	0.192	0.074	0.019	0.012	0.006	0.298	0.398
48	1040	0.034	0.003	0.527	0.031	0.001	0.296	0.108
49	1041	0.009	0.094	0.551	0.052	0.000	0.217	0.077
50	1042	0.038	0.015	0.009	0.036	0.011	0.088	0.804
51	1043	0.063	0.148	0.042	0.075	0.009	0.546	0.117
52	1044	0.001	0.638	0.194	0.051	0.000	0.056	0.059
53	1045	0.097	0.000	0.000	0.001	0.183	0.719	0.000
54	1046	0.043	0.000	0.268	0.001	0.123	0.188	0.378
55	1047	0.102	0.123	0.178	0.092	0.000	0.170	0.333
56	1048	0.042	0.002	0.307	0.065	0.000	0.404	0.180
57	1049	0.142	0.080	0.130	0.195	0.143	0.280	0.030
58	105	0.438	0.001	0.083	0.141	0.052	0.151	0.133
59	1050	0.111	0.065	0.205	0.008	0.000	0.412	0.198
60	1051	0.780	0.009	0.117	0.000	0.024	0.015	0.055
61	1052	0.095	0.083	0.325	0.007	0.000	0.315	0.175
62	1053	0.131	0.004	0.036	0.253	0.000	0.320	0.256
63	1054	0.000	0.063	0.408	0.041	0.027	0.368	0.093
64	1055	0.052	0.084	0.361	0.133	0.007	0.175	0.189
65	1056	0.332	0.000	0.377	0.000	0.068	0.000	0.222
66	1057	0.037	0.224	0.002	0.293	0.000	0.085	0.360
67	1058	0.396	0.192	0.168	0.042	0.036	0.117	0.049
68	1059	0.182	0.072	0.041	0.134	0.012	0.350	0.208
69	106	0.145	0.046	0.316	0.002	0.001	0.156	0.333
70	1060	0.097	0.047	0.218	0.037	0.001	0.288	0.312
71	1061	0.078	0.235	0.255	0.130	0.007	0.135	0.160
72	1062	0.046	0.068	0.431	0.026	0.000	0.332	0.097
73	1063	0.258	0.002	0.000	0.336	0.109	0.253	0.042
74	1064	0.001	0.033	0.304	0.027	0.006	0.375	0.253
75	1065	0.016	0.222	0.178	0.185	0.009	0.289	0.099
76	1066	0.001	0.039	0.000	0.001	0.034	0.049	0.877
77	1067	0.263	0.251	0.305	0.015	0.008	0.152	0.007
78	1068	0.023	0.060	0.161	0.021	0.002	0.377	0.356
79	1069	0.092	0.072	0.566	0.010	0.000	0.176	0.084
80	107	0.000	0.281	0.264	0.201	0.026	0.053	0.176
81	1070	0.087	0.001	0.303	0.046	0.080	0.000	0.483
82	1071	0.173	0.023	0.347	0.184	0.005	0.012	0.256
83	1072	0.290	0.290	0.016	0.002	0.006	0.356	0.040
84	1073	0.996	0.000	0.000	0.000	0.003	0.000	0.001
85	1074	0.001	0.293	0.572	0.094	0.009	0.002	0.030
86	1075	0.821	0.007	0.154	0.000	0.002	0.000	0.014
87	1076	0.160	0.065	0.071	0.036	0.014	0.003	0.651
88	1077	0.003	0.175	0.264	0.061	0.002	0.189	0.307
89	1078	0.030	0.183	0.427	0.015	0.001	0.212	0.132
90	1079	0.006	0.000	0.078	0.004	0.094	0.649	0.169
91	108	0.072	0.030	0.239	0.133	0.013	0.382	0.130
92	1080	0.317	0.001	0.000	0.007	0.014	0.334	0.326
93	1081	0.068	0.050	0.169	0.015	0.000	0.480	0.219
94	1082	0.048	0.028	0.416	0.086	0.012	0.160	0.250
95	1083	0.389	0.539	0.000	0.003	0.000	0.063	0.006
96	1084	0.708	0.011	0.176	0.000	0.089	0.000	0.016
97	1085	0.050	0.025	0.250	0.022	0.003	0.453	0.198
98	1086	0.241	0.597	0.044	0.000	0.052	0.000	0.065
99	1087	0.074	0.217	0.412	0.053	0.021	0.179	0.044
100	1088	0.358	0.176	0.004	0.272	0.009	0.086	0.094
101	1089	0.011	0.116	0.172	0.274	0.018	0.180	0.229
102	109	0.094	0.155	0.321	0.035	0.000	0.192	0.202
103	1090	0.000	0.218	0.688	0.012	0.001	0.019	0.061
104	1091	0.089	0.078	0.503	0.017	0.000	0.171	0.142
105	1092	0.003	0.244	0.178	0.026	0.006	0.000	0.543
106	1093	0.000	0.314	0.041	0.133	0.008	0.205	0.298
107	1094	0.014	0.059	0.238	0.113	0.003	0.255	0.319
108	1095	0.098	0.083	0.293	0.038	0.000	0.310	0.178
109	1096	0.094	0.078	0.168	0.072	0.001	0.341	0.246
110	1097	0.000	0.274	0.479	0.059	0.000	0.006	0.181
111	1098	0.000	0.000	0.001	0.061	0.010	0.007	0.921
112	1099	0.167	0.085	0.302	0.122	0.006	0.144	0.173
113	11	0.102	0.095	0.335	0.038	0.000	0.246	0.184
114	110	0.038	0.456	0.193	0.026	0.000	0.000	0.287
115	1100	0.008	0.092	0.597	0.076	0.000	0.120	0.107
116	1101	0.038	0.041	0.263	0.017	0.000	0.416	0.226
117	1102	0.128	0.002	0.312	0.024	0.005	0.299	0.230
118	1103	0.285	0.491	0.000	0.001	0.033	0.000	0.191
119	1104	0.037	0.109	0.128	0.016	0.000	0.468	0.242
120	1105	0.011	0.048	0.390	0.011	0.000	0.380	0.159
121	1106	0.312	0.039	0.499	0.105	0.037	0.006	0.003
122	1107	0.001	0.157	0.384	0.086	0.024	0.132	0.215
123	1108	0.006	0.003	0.023	0.068	0.010	0.884	0.006
124	1109	0.180	0.000	0.164	0.210	0.003	0.436	0.007
125	111	0.096	0.128	0.261	0.029	0.001	0.224	0.261
126	1110	0.020	0.000	0.000	0.060	0.046	0.873	0.001
127	1111	0.103	0.001	0.286	0.222	0.004	0.184	0.200
128	1112	0.032	0.550	0.000	0.292	0.017	0.084	0.025
129	1113	0.008	0.127	0.333	0.036	0.001	0.399	0.097
130	1114	0.072	0.294	0.190	0.143	0.002	0.135	0.165
131	1115	0.560	0.199	0.144	0.059	0.011	0.000	0.027
132	1116	0.019	0.216	0.027	0.036	0.010	0.427	0.265
133	1117	0.000	0.003	0.442	0.149	0.004	0.273	0.130
134	1118	0.534	0.057	0.090	0.002	0.010	0.170	0.139
135	1119	0.031	0.014	0.625	0.111	0.007	0.071	0.142
136	112	0.019	0.063	0.246	0.016	0.000	0.421	0.235
137	1120	0.000	0.669	0.319	0.000	0.011	0.000	0.000
138	1121	0.023	0.142	0.506	0.003	0.000	0.000	0.326
139	1122	0.103	0.006	0.300	0.043	0.001	0.265	0.282
140	1123	0.100	0.036	0.096	0.211	0.067	0.152	0.338
141	1124	0.015	0.050	0.201	0.180	0.020	0.048	0.485
142	1125	0.025	0.074	0.086	0.173	0.004	0.348	0.289
143	1126	0.051	0.003	0.307	0.028	0.000	0.351	0.260
144	1127	0.019	0.114	0.188	0.048	0.001	0.291	0.339
145	1128	0.038	0.008	0.201	0.133	0.003	0.312	0.307
146	1129	0.033	0.022	0.206	0.063	0.003	0.448	0.225
147	113	0.310	0.062	0.130	0.000	0.025	0.068	0.405
148	1130	0.001	0.298	0.239	0.050	0.007	0.249	0.156
149	1131	0.099	0.124	0.232	0.034	0.000	0.371	0.139
150	1132	0.361	0.011	0.185	0.104	0.064	0.218	0.057
151	1133	0.098	0.003	0.425	0.120	0.006	0.192	0.156
152	1134	0.001	0.289	0.237	0.081	0.005	0.267	0.119
153	1135	0.032	0.075	0.235	0.012	0.000	0.382	0.263
154	1136	0.230	0.007	0.298	0.045	0.002	0.321	0.097
155	1137	0.313	0.265	0.002	0.002	0.034	0.257	0.126
156	1138	0.194	0.045	0.394	0.018	0.009	0.054	0.286
157	1139	0.007	0.024	0.242	0.072	0.003	0.389	0.263
158	114	0.000	0.715	0.196	0.000	0.072	0.000	0.017
159	1140	0.176	0.336	0.278	0.068	0.002	0.090	0.049
160	1141	0.138	0.250	0.272	0.035	0.002	0.116	0.186
161	1142	0.323	0.002	0.001	0.061	0.003	0.239	0.371
162	1143	0.196	0.040	0.382	0.021	0.012	0.009	0.340
163	1144	0.060	0.136	0.322	0.055	0.001	0.282	0.144
164	1145	0.030	0.282	0.258	0.199	0.013	0.081	0.137
165	1146	0.059	0.004	0.427	0.005	0.000	0.320	0.185
166	1147	0.530	0.002	0.021	0.000	0.052	0.000	0.395
167	1148	0.259	0.002	0.275	0.296	0.000	0.005	0.164
168	1149	0.064	0.036	0.556	0.055	0.000	0.193	0.095
169	115	0.323	0.182	0.028	0.007	0.040	0.420	0.000
170	1150	0.055	0.071	0.266	0.148	0.009	0.412	0.041
171	1151	0.002	0.002	0.008	0.263	0.020	0.161	0.544
172	1152	0.359	0.000	0.000	0.000	0.077	0.547	0.017
173	1153	0.075	0.014	0.093	0.332	0.054	0.171	0.262
174	1154	0.016	0.274	0.484	0.001	0.022	0.000	0.203
175	1155	0.019	0.008	0.298	0.030	0.031	0.244	0.370
176	1156	0.069	0.098	0.276	0.080	0.000	0.182	0.295
177	1157	0.008	0.125	0.001	0.067	0.007	0.000	0.792
178	1158	0.045	0.088	0.325	0.040	0.000	0.382	0.120
179	1159	0.003	0.309	0.116	0.038	0.010	0.217	0.308
180	116	0.147	0.128	0.068	0.092	0.002	0.044	0.520
181	1160	0.045	0.048	0.251	0.031	0.000	0.415	0.211
182	1161	0.152	0.098	0.212	0.025	0.010	0.163	0.340
183	1162	0.037	0.065	0.558	0.055	0.000	0.257	0.030
184	1163	0.135	0.025	0.250	0.076	0.003	0.405	0.105
185	1164	0.386	0.014	0.088	0.005	0.018	0.489	0.000
186	1165	0.001	0.094	0.270	0.440	0.050	0.117	0.028
187	1166	0.146	0.004	0.042	0.251	0.021	0.483	0.054
188	1167	0.002	0.417	0.000	0.308	0.027	0.136	0.110
189	1168	0.018	0.013	0.607	0.042	0.001	0.095	0.225
190	1169	0.027	0.031	0.613	0.044	0.007	0.234	0.043
191	117	0.006	0.238	0.247	0.083	0.000	0.164	0.262
192	1170	0.050	0.067	0.325	0.010	0.000	0.384	0.163
193	1171	0.031	0.166	0.309	0.002	0.007	0.352	0.133
194	1172	0.030	0.037	0.379	0.008	0.000	0.372	0.175
195	1173	0.018	0.204	0.244	0.024	0.000	0.255	0.256
196	1174	0.184	0.133	0.438	0.013	0.011	0.198	0.023
197	1175	0.059	0.062	0.008	0.009	0.022	0.363	0.477
198	1176	0.084	0.071	0.343	0.021	0.000	0.401	0.079
199	1177	0.057	0.358	0.012	0.097	0.027	0.186	0.264
200	1178	0.076	0.118	0.219	0.067	0.001	0.429	0.089
201	1179	0.244	0.371	0.008	0.172	0.006	0.185	0.013
202	118	0.141	0.015	0.272	0.198	0.021	0.024	0.329
203	1180	0.102	0.221	0.136	0.042	0.001	0.301	0.198
204	1181	0.335	0.010	0.312	0.120	0.012	0.096	0.115
205	1182	0.205	0.151	0.151	0.002	0.001	0.251	0.240
206	1183	0.018	0.238	0.087	0.105	0.001	0.312	0.239
207	1184	0.415	0.007	0.045	0.462	0.029	0.037	0.004
208	1185	0.260	0.201	0.327	0.001	0.026	0.183	0.001
209	1186	0.027	0.120	0.151	0.097	0.000	0.380	0.225
210	1187	0.116	0.041	0.046	0.124	0.012	0.459	0.202
211	1188	0.102	0.001	0.204	0.075	0.003	0.405	0.209
212	1189	0.058	0.002	0.606	0.005	0.153	0.000	0.178
213	119	0.832	0.001	0.000	0.118	0.015	0.000	0.034
214	1190	0.020	0.041	0.579	0.039	0.000	0.210	0.110
215	1191	0.061	0.184	0.085	0.063	0.001	0.396	0.211
216	1192	0.000	0.014	0.423	0.488	0.017	0.005	0.053
217	1193	0.026	0.090	0.164	0.005	0.000	0.391	0.323
218	1194	0.135	0.003	0.141	0.046	0.000	0.495	0.180
219	1195	0.007	0.170	0.177	0.099	0.003	0.303	0.241
220	1196	0.000	0.792	0.094	0.000	0.113	0.000	0.001
221	1197	0.059	0.001	0.016	0.224	0.052	0.093	0.555
222	1198	0.121	0.019	0.178	0.389	0.011	0.220	0.062
223	1199	0.214	0.008	0.323	0.387	0.036	0.006	0.027
224	12	0.161	0.036	0.045	0.139	0.115	0.093	0.410
225	120	0.085	0.102	0.379	0.031	0.000	0.162	0.240
226	1200	0.428	0.025	0.250	0.169	0.011	0.048	0.070
227	1201	0.014	0.261	0.335	0.093	0.004	0.147	0.146
228	1202	0.000	0.016	0.004	0.202	0.082	0.288	0.407
229	1203	0.029	0.002	0.699	0.115	0.001	0.146	0.008
230	1204	0.010	0.000	0.000	0.331	0.033	0.608	0.017
231	1205	0.205	0.306	0.474	0.000	0.014	0.000	0.000
232	1206	0.817	0.183	0.000	0.000	0.000	0.000	0.000
233	1207	0.161	0.038	0.008	0.139	0.133	0.000	0.521
234	1208	0.117	0.129	0.123	0.116	0.002	0.426	0.087
235	1209	0.111	0.053	0.085	0.102	0.033	0.571	0.046
236	121	0.078	0.312	0.560	0.019	0.031	0.000	0.000
237	1210	0.002	0.196	0.300	0.114	0.014	0.350	0.023
238	1211	0.534	0.020	0.003	0.109	0.013	0.045	0.276
239	1212	0.004	0.000	0.307	0.365	0.031	0.284	0.009
240	1213	0.043	0.353	0.063	0.043	0.023	0.019	0.455
241	1214	0.114	0.015	0.299	0.200	0.007	0.215	0.149
242	1215	0.015	0.123	0.398	0.155	0.015	0.203	0.092
243	1216	0.000	0.000	0.619	0.232	0.149	0.000	0.000
244	1217	0.853	0.000	0.004	0.000	0.103	0.037	0.002
245	1218	0.210	0.067	0.171	0.029	0.007	0.462	0.053
246	1219	0.006	0.001	0.000	0.236	0.147	0.609	0.001
247	122	0.033	0.021	0.657	0.028	0.000	0.166	0.095
248	1220	0.078	0.561	0.063	0.118	0.001	0.000	0.178
249	1221	0.022	0.106	0.327	0.021	0.002	0.340	0.183
250	1222	0.011	0.142	0.131	0.108	0.003	0.538	0.068
251	1223	0.004	0.133	0.072	0.026	0.016	0.550	0.199
252	1224	0.307	0.252	0.187	0.235	0.011	0.001	0.007
253	1225	0.116	0.218	0.323	0.291	0.003	0.003	0.045
254	1226	0.027	0.267	0.487	0.006	0.212	0.001	0.000
255	1227	0.132	0.032	0.584	0.044	0.061	0.000	0.147
256	1228	0.388	0.213	0.233	0.042	0.011	0.003	0.109
257	1229	0.106	0.191	0.192	0.189	0.004	0.283	0.035
258	123	0.044	0.057	0.380	0.008	0.000	0.388	0.124
259	1230	0.050	0.663	0.000	0.133	0.154	0.000	0.000
260	1231	0.020	0.107	0.304	0.031	0.000	0.343	0.195
261	1232	0.131	0.037	0.202	0.055	0.002	0.303	0.271
262	1233	0.010	0.854	0.000	0.130	0.006	0.000	0.000
263	1234	0.004	0.163	0.000	0.156	0.030	0.359	0.288
264	1235	0.041	0.281	0.064	0.000	0.037	0.000	0.577
265	1236	0.117	0.000	0.003	0.269	0.337	0.273	0.000
266	1237	0.024	0.104	0.080	0.114	0.004	0.498	0.175
267	1238	0.241	0.330	0.214	0.117	0.017	0.018	0.064
268	1239	0.001	0.219	0.201	0.099	0.005	0.247	0.228
269	124	0.687	0.132	0.000	0.000	0.094	0.058	0.028
270	1240	0.145	0.001	0.322	0.147	0.001	0.285	0.099
271	1241	0.041	0.123	0.308	0.001	0.014	0.191	0.322
272	1242	0.013	0.015	0.628	0.024	0.003	0.166	0.152
273	1243	0.059	0.294	0.389	0.002	0.094	0.106	0.056
274	1244	0.022	0.029	0.523	0.091	0.000	0.187	0.148
275	1245	0.383	0.000	0.000	0.002	0.057	0.423	0.135
276	1246	0.113	0.085	0.260	0.047	0.016	0.136	0.343
277	1247	0.044	0.129	0.045	0.341	0.118	0.134	0.188
278	1248	1.000	0.000	0.000	0.000	0.000	0.000	0.000
279	1249	0.001	0.165	0.206	0.291	0.002	0.282	0.053
280	125	0.093	0.127	0.607	0.038	0.079	0.000	0.056
281	1250	0.018	0.128	0.315	0.060	0.001	0.337	0.141
282	1251	0.023	0.235	0.106	0.067	0.026	0.196	0.346
283	1252	0.085	0.017	0.443	0.135	0.016	0.121	0.182
284	1253	0.158	0.243	0.231	0.030	0.003	0.196	0.140
285	1254	0.037	0.064	0.139	0.002	0.005	0.103	0.649
286	1255	0.298	0.068	0.594	0.032	0.004	0.003	0.001
287	1256	0.004	0.034	0.565	0.022	0.000	0.154	0.220
288	1257	0.085	0.040	0.218	0.000	0.006	0.000	0.650
289	1258	0.000	0.386	0.273	0.068	0.000	0.113	0.159
290	1259	0.016	0.200	0.339	0.000	0.018	0.055	0.372
291	126	0.001	0.182	0.552	0.236	0.027	0.000	0.002
292	1260	0.213	0.000	0.000	0.013	0.041	0.195	0.538
293	1261	0.369	0.370	0.234	0.000	0.027	0.000	0.000
294	1262	0.153	0.000	0.002	0.196	0.002	0.379	0.268
295	1263	0.064	0.055	0.298	0.019	0.000	0.301	0.263
296	1264	0.084	0.027	0.166	0.027	0.002	0.283	0.411
297	1265	0.084	0.139	0.305	0.036	0.002	0.286	0.148
298	1266	0.157	0.076	0.288	0.039	0.004	0.155	0.279
299	1267	0.073	0.027	0.424	0.000	0.024	0.381	0.070
300	1268	0.002	0.003	0.001	0.158	0.000	0.000	0.835
301	1269	0.049	0.104	0.011	0.060	0.001	0.569	0.206
302	127	0.075	0.033	0.098	0.103	0.027	0.140	0.523
303	1270	0.070	0.007	0.160	0.099	0.011	0.219	0.433
304	1271	0.140	0.036	0.591	0.000	0.232	0.000	0.000
305	1272	0.110	0.095	0.049	0.135	0.003	0.205	0.403
306	1273	0.064	0.348	0.090	0.002	0.009	0.253	0.234
307	1274	0.124	0.016	0.001	0.386	0.020	0.007	0.446
308	1275	0.111	0.002	0.468	0.028	0.005	0.254	0.131
309	1276	0.002	0.102	0.376	0.000	0.003	0.000	0.516
310	1277	0.163	0.000	0.115	0.237	0.005	0.204	0.276
311	1278	0.069	0.032	0.291	0.048	0.018	0.319	0.222
312	1279	0.040	0.108	0.302	0.017	0.000	0.222	0.311
313	128	0.075	0.035	0.096	0.106	0.027	0.139	0.523
314	1280	0.159	0.001	0.012	0.177	0.014	0.208	0.429
315	1281	0.050	0.194	0.007	0.011	0.005	0.300	0.433
316	1282	0.630	0.001	0.358	0.000	0.011	0.000	0.000
317	1283	0.312	0.221	0.044	0.000	0.037	0.384	0.001
318	1284	0.032	0.009	0.285	0.212	0.009	0.013	0.439
319	1285	0.285	0.054	0.060	0.057	0.029	0.486	0.029
320	1286	0.084	0.156	0.270	0.112	0.003	0.163	0.212
321	1287	0.929	0.000	0.000	0.000	0.070	0.000	0.000
322	1288	0.018	0.343	0.006	0.000	0.000	0.000	0.632
323	1289	0.066	0.000	0.021	0.127	0.454	0.332	0.000
324	129	0.070	0.118	0.372	0.012	0.002	0.214	0.211
325	1290	0.185	0.020	0.030	0.204	0.000	0.161	0.399
326	1291	0.159	0.027	0.433	0.025	0.085	0.174	0.096
327	1292	0.070	0.195	0.337	0.018	0.001	0.243	0.136
328	1293	0.223	0.012	0.076	0.040	0.016	0.371	0.263
329	1294	0.119	0.012	0.510	0.016	0.030	0.016	0.297
330	1295	0.350	0.037	0.039	0.001	0.033	0.023	0.517
331	1296	0.146	0.137	0.128	0.002	0.001	0.496	0.089
332	1297	0.143	0.239	0.003	0.034	0.009	0.288	0.284
333	1298	0.459	0.000	0.005	0.003	0.070	0.006	0.457
334	1299	0.062	0.011	0.295	0.009	0.000	0.348	0.275
335	13	0.093	0.646	0.118	0.000	0.001	0.137	0.004
336	130	0.011	0.051	0.389	0.151	0.001	0.000	0.397
337	1300	0.560	0.000	0.138	0.000	0.186	0.020	0.096
338	1301	0.069	0.120	0.343	0.051	0.006	0.074	0.337
339	1302	0.298	0.004	0.129	0.023	0.039	0.000	0.507
340	1303	0.230	0.001	0.124	0.003	0.007	0.358	0.277
341	1304	0.001	0.317	0.262	0.280	0.009	0.007	0.124
342	131	0.042	0.008	0.426	0.028	0.019	0.379	0.097
343	132	0.808	0.000	0.082	0.000	0.109	0.000	0.000
344	133	0.185	0.026	0.214	0.337	0.011	0.033	0.194
345	134	0.182	0.002	0.082	0.099	0.046	0.413	0.175
346	135	0.321	0.084	0.020	0.184	0.079	0.264	0.048
347	136	0.091	0.020	0.120	0.115	0.008	0.558	0.088
348	1362	0.003	0.087	0.541	0.053	0.000	0.244	0.071
349	137	0.000	0.021	0.059	0.304	0.236	0.000	0.380
350	1376	0.089	0.013	0.190	0.033	0.005	0.336	0.333
351	1378	0.015	0.001	0.432	0.026	0.000	0.414	0.112
352	138	0.331	0.000	0.503	0.156	0.000	0.000	0.010
353	139	0.125	0.178	0.200	0.024	0.002	0.232	0.239
354	14	0.121	0.493	0.263	0.002	0.000	0.120	0.002
355	140	0.058	0.053	0.279	0.064	0.001	0.306	0.240
356	141	0.056	0.227	0.127	0.016	0.006	0.000	0.568
357	142	0.494	0.025	0.000	0.028	0.082	0.325	0.046
358	1421	0.005	0.001	0.417	0.038	0.000	0.388	0.151
359	143	0.013	0.091	0.073	0.007	0.002	0.000	0.814
360	144	0.216	0.060	0.011	0.039	0.013	0.208	0.454
361	145	0.099	0.142	0.043	0.306	0.035	0.101	0.274
362	1454	0.123	0.000	0.797	0.049	0.015	0.015	0.000
363	1457	0.044	0.007	0.785	0.097	0.008	0.016	0.043
364	146	0.000	0.443	0.335	0.002	0.004	0.001	0.216
365	147	0.041	0.179	0.260	0.109	0.010	0.145	0.256
366	148	0.297	0.097	0.381	0.038	0.013	0.087	0.087
367	149	0.055	0.076	0.222	0.037	0.001	0.169	0.440
368	15	0.094	0.644	0.120	0.000	0.001	0.136	0.004
369	150	0.024	0.337	0.272	0.173	0.056	0.002	0.136
370	1501	0.016	0.005	0.444	0.015	0.000	0.384	0.136
371	151	0.037	0.406	0.001	0.007	0.056	0.402	0.091
372	152	0.003	0.168	0.195	0.170	0.029	0.332	0.102
373	153	0.021	0.079	0.117	0.328	0.007	0.004	0.443
374	154	0.000	0.446	0.101	0.096	0.003	0.332	0.022
375	155	0.001	0.270	0.008	0.189	0.002	0.217	0.313
376	156	0.194	0.033	0.354	0.041	0.014	0.329	0.034
377	157	0.174	0.282	0.124	0.067	0.004	0.088	0.261
378	158	0.425	0.019	0.260	0.160	0.007	0.055	0.073
379	159	0.441	0.015	0.017	0.040	0.031	0.000	0.456
380	16	0.123	0.494	0.259	0.002	0.000	0.120	0.002
381	160	0.249	0.432	0.157	0.123	0.002	0.000	0.035
382	161	0.023	0.418	0.027	0.193	0.013	0.118	0.207
383	162	0.321	0.000	0.010	0.000	0.120	0.016	0.533
384	163	0.439	0.091	0.002	0.005	0.000	0.000	0.464
385	164	0.123	0.094	0.093	0.013	0.001	0.423	0.253
386	165	0.081	0.119	0.055	0.596	0.026	0.004	0.118
387	166	0.120	0.000	0.647	0.010	0.002	0.011	0.210
388	167	0.087	0.001	0.424	0.029	0.000	0.266	0.193
389	168	0.145	0.004	0.333	0.041	0.012	0.429	0.036
390	169	0.294	0.139	0.294	0.177	0.012	0.080	0.005
391	17	0.987	0.000	0.000	0.000	0.013	0.000	0.000
392	170	0.008	0.028	0.268	0.134	0.013	0.301	0.247
393	171	0.006	0.082	0.170	0.142	0.000	0.153	0.447
394	172	0.002	0.059	0.003	0.289	0.163	0.000	0.484
395	1721	0.016	0.011	0.636	0.147	0.000	0.012	0.178
396	173	0.006	0.137	0.197	0.045	0.001	0.403	0.212
397	1739	0.016	0.009	0.238	0.385	0.001	0.152	0.198
398	174	0.044	0.005	0.455	0.230	0.073	0.188	0.005
399	175	0.000	0.178	0.277	0.041	0.002	0.256	0.246
400	1756	0.015	0.004	0.477	0.051	0.000	0.330	0.123
401	176	0.019	0.006	0.559	0.064	0.002	0.151	0.199
402	1767	0.056	0.057	0.418	0.043	0.000	0.284	0.141
403	177	0.357	0.132	0.001	0.071	0.020	0.344	0.075
404	1776	0.008	0.092	0.535	0.068	0.000	0.213	0.084
405	178	0.010	0.147	0.312	0.038	0.004	0.152	0.337
406	1789	0.039	0.006	0.584	0.085	0.003	0.194	0.089
407	179	0.000	0.014	0.233	0.240	0.068	0.372	0.074
408	18	0.132	0.043	0.019	0.221	0.012	0.562	0.012
409	180	0.077	0.002	0.003	0.260	0.204	0.048	0.407
410	181	0.017	0.247	0.068	0.081	0.001	0.290	0.295
411	182	0.202	0.000	0.003	0.589	0.153	0.006	0.047
412	183	0.071	0.025	0.354	0.339	0.007	0.194	0.011
413	184	0.007	0.280	0.177	0.074	0.012	0.185	0.264
414	185	0.014	0.007	0.232	0.023	0.001	0.432	0.291
415	186	0.004	0.307	0.343	0.041	0.002	0.174	0.129
416	187	0.227	0.031	0.223	0.054	0.006	0.194	0.264
417	1879	0.019	0.003	0.698	0.071	0.001	0.119	0.089
418	188	0.055	0.054	0.029	0.218	0.043	0.047	0.554
419	189	0.242	0.032	0.106	0.037	0.004	0.409	0.170
420	19	0.008	0.084	0.136	0.034	0.052	0.277	0.410
421	190	0.316	0.026	0.301	0.175	0.179	0.003	0.000
422	1909	0.005	0.232	0.341	0.034	0.000	0.168	0.219
423	191	0.255	0.250	0.015	0.032	0.002	0.212	0.233
424	192	0.021	0.023	0.331	0.085	0.035	0.228	0.276
425	193	0.003	0.009	0.113	0.175	0.026	0.000	0.673
426	194	0.371	0.002	0.007	0.024	0.009	0.012	0.575
427	195	0.362	0.110	0.301	0.001	0.043	0.169	0.015
428	196	0.000	0.006	0.371	0.082	0.050	0.024	0.467
429	1968	0.022	0.005	0.630	0.032	0.001	0.111	0.199
430	1969	0.043	0.015	0.666	0.153	0.000	0.078	0.046
431	197	0.069	0.529	0.000	0.000	0.007	0.395	0.000
432	1973	0.035	0.080	0.528	0.025	0.000	0.236	0.097
433	198	0.092	0.425	0.110	0.000	0.061	0.140	0.172
434	1981	0.105	0.021	0.577	0.033	0.001	0.146	0.118
435	199	0.020	0.069	0.414	0.101	0.000	0.289	0.107
436	2	0.000	0.000	0.169	0.415	0.024	0.068	0.324
437	20	0.057	0.129	0.221	0.048	0.001	0.316	0.228
438	200	0.253	0.004	0.249	0.066	0.015	0.057	0.355
439	201	0.126	0.080	0.251	0.018	0.000	0.363	0.161
440	2010	0.092	0.001	0.811	0.024	0.000	0.033	0.039
441	2017	0.020	0.012	0.760	0.018	0.024	0.009	0.157
442	202	0.000	0.002	0.030	0.039	0.057	0.000	0.870
443	203	0.012	0.017	0.772	0.001	0.000	0.159	0.039
444	204	0.011	0.247	0.082	0.081	0.001	0.467	0.111
445	2048	0.071	0.003	0.617	0.056	0.001	0.113	0.139
446	205	0.049	0.005	0.073	0.150	0.012	0.332	0.378
447	206	0.004	0.111	0.698	0.073	0.000	0.093	0.021
448	207	0.621	0.000	0.360	0.000	0.001	0.000	0.017
449	208	0.070	0.006	0.000	0.054	0.001	0.455	0.415
450	209	0.022	0.206	0.246	0.227	0.001	0.070	0.228
451	21	0.000	0.000	0.161	0.318	0.135	0.354	0.031
452	210	0.218	0.300	0.314	0.003	0.004	0.128	0.033
453	211	0.090	0.044	0.187	0.087	0.003	0.257	0.332
454	2113	0.091	0.004	0.578	0.013	0.000	0.217	0.096
455	212	0.083	0.051	0.270	0.062	0.000	0.361	0.172
456	213	0.035	0.297	0.332	0.208	0.003	0.008	0.116
457	214	0.111	0.023	0.169	0.000	0.001	0.040	0.656
458	215	0.228	0.086	0.409	0.011	0.023	0.207	0.035
459	2156	0.032	0.000	0.402	0.072	0.003	0.225	0.266
460	216	0.032	0.008	0.118	0.249	0.014	0.452	0.128
461	217	0.343	0.014	0.366	0.000	0.004	0.007	0.266
462	218	0.074	0.122	0.308	0.020	0.001	0.385	0.091
463	219	0.173	0.072	0.061	0.000	0.017	0.207	0.470
464	22	0.000	0.000	0.160	0.316	0.135	0.353	0.035
465	220	0.249	0.031	0.081	0.235	0.052	0.243	0.108
466	221	0.204	0.001	0.434	0.163	0.010	0.145	0.044
467	222	0.116	0.004	0.077	0.027	0.000	0.429	0.347
468	223	0.001	0.480	0.323	0.013	0.002	0.003	0.178
469	224	0.001	0.118	0.283	0.121	0.015	0.170	0.293
470	225	0.125	0.235	0.008	0.027	0.003	0.389	0.213
471	226	0.013	0.024	0.127	0.083	0.005	0.646	0.103
472	2268	0.070	0.009	0.702	0.009	0.002	0.073	0.136
473	227	0.005	0.008	0.466	0.018	0.000	0.315	0.188
474	228	0.010	0.048	0.100	0.179	0.010	0.216	0.436
475	229	0.306	0.246	0.074	0.116	0.001	0.257	0.000
476	23	0.147	0.051	0.444	0.058	0.001	0.097	0.202
477	230	0.388	0.007	0.000	0.000	0.605	0.000	0.000
478	2300	0.021	0.004	0.783	0.042	0.003	0.009	0.139
479	2301	0.013	0.002	0.820	0.008	0.005	0.000	0.152
480	231	0.001	0.076	0.417	0.109	0.036	0.120	0.241
481	2315	0.035	0.031	0.729	0.043	0.000	0.047	0.115
482	232	0.021	0.054	0.034	0.002	0.001	0.603	0.285
483	233	0.018	0.003	0.771	0.037	0.060	0.084	0.028
484	234	0.291	0.022	0.022	0.112	0.019	0.381	0.153
485	2344	0.029	0.082	0.607	0.041	0.001	0.186	0.054
486	235	0.025	0.047	0.454	0.125	0.003	0.223	0.124
487	236	0.021	0.163	0.124	0.144	0.001	0.288	0.259
488	237	0.058	0.009	0.263	0.008	0.030	0.000	0.632
489	2379	0.046	0.065	0.568	0.011	0.003	0.274	0.033
490	238	0.037	0.115	0.449	0.063	0.047	0.248	0.040
491	239	0.112	0.000	0.082	0.018	0.024	0.527	0.237
492	2398	0.101	0.002	0.687	0.100	0.002	0.051	0.058
493	24	0.576	0.000	0.179	0.018	0.086	0.138	0.002
494	240	0.050	0.245	0.213	0.038	0.076	0.000	0.378
495	241	0.154	0.179	0.333	0.046	0.000	0.235	0.052
496	242	0.027	0.240	0.035	0.117	0.009	0.536	0.038
497	2427	0.002	0.068	0.872	0.049	0.007	0.000	0.001
498	243	0.065	0.084	0.181	0.047	0.000	0.406	0.217
499	2437	0.002	0.067	0.873	0.049	0.007	0.000	0.001
500	2438	0.002	0.060	0.884	0.049	0.003	0.000	0.001
501	244	0.006	0.065	0.068	0.298	0.005	0.419	0.139
502	245	0.001	0.045	0.092	0.401	0.012	0.220	0.228
503	246	0.000	0.045	0.089	0.404	0.011	0.217	0.234
504	247	0.156	0.307	0.066	0.002	0.012	0.273	0.184
505	248	0.001	0.301	0.007	0.119	0.013	0.170	0.390
506	249	0.171	0.067	0.676	0.000	0.078	0.000	0.008
507	25	0.349	0.000	0.000	0.031	0.073	0.223	0.325
508	250	0.000	0.227	0.241	0.220	0.002	0.297	0.012
509	251	0.015	0.015	0.334	0.191	0.001	0.276	0.168
510	252	0.027	0.072	0.153	0.102	0.000	0.360	0.285
511	253	0.041	0.010	0.030	0.247	0.023	0.465	0.185
512	254	0.065	0.746	0.186	0.000	0.003	0.000	0.000
513	255	0.096	0.007	0.233	0.089	0.002	0.392	0.182
514	2558	0.022	0.106	0.758	0.047	0.000	0.046	0.020
515	256	0.143	0.107	0.035	0.112	0.007	0.269	0.327
516	257	0.295	0.000	0.137	0.168	0.027	0.001	0.372
517	2572	0.084	0.009	0.571	0.153	0.000	0.089	0.094
518	258	0.240	0.000	0.002	0.102	0.000	0.038	0.617
519	259	0.003	0.503	0.180	0.020	0.000	0.236	0.059
520	26	0.000	0.205	0.520	0.100	0.028	0.106	0.040
521	260	0.070	0.461	0.462	0.003	0.001	0.000	0.004
522	261	0.010	0.019	0.004	0.020	0.016	0.549	0.383
523	262	0.047	0.094	0.297	0.293	0.023	0.246	0.000
524	263	0.126	0.082	0.246	0.107	0.001	0.250	0.188
525	264	0.052	0.079	0.356	0.159	0.112	0.050	0.192
526	2649	0.020	0.027	0.596	0.063	0.002	0.140	0.152
527	265	0.005	0.026	0.793	0.031	0.025	0.092	0.027
528	266	0.097	0.076	0.206	0.061	0.004	0.176	0.380
529	267	0.223	0.000	0.000	0.000	0.241	0.000	0.536
530	268	0.018	0.002	0.386	0.266	0.010	0.112	0.205
531	269	0.000	0.002	0.001	0.028	0.134	0.835	0.000
532	27	0.059	0.044	0.340	0.051	0.000	0.132	0.374
533	270	0.067	0.145	0.268	0.056	0.000	0.404	0.059
534	271	0.063	0.380	0.109	0.039	0.013	0.305	0.091
535	272	0.031	0.136	0.139	0.037	0.004	0.374	0.280
536	273	0.214	0.300	0.327	0.000	0.014	0.142	0.002
537	274	0.094	0.396	0.327	0.044	0.009	0.073	0.058
538	275	0.016	0.023	0.426	0.001	0.054	0.464	0.016
539	276	0.003	0.611	0.173	0.085	0.001	0.120	0.007
540	2767	0.030	0.023	0.707	0.073	0.007	0.002	0.159
541	277	0.498	0.425	0.010	0.020	0.029	0.012	0.006
542	278	0.026	0.168	0.488	0.013	0.001	0.197	0.107
543	2783	0.035	0.031	0.638	0.228	0.007	0.000	0.060
544	279	0.064	0.127	0.602	0.046	0.014	0.059	0.088
545	28	0.288	0.020	0.020	0.166	0.022	0.259	0.225
546	280	0.072	0.025	0.278	0.108	0.003	0.296	0.217
547	281	0.054	0.151	0.222	0.014	0.010	0.358	0.193
548	2810	0.114	0.006	0.379	0.280	0.018	0.133	0.070
549	282	0.043	0.072	0.353	0.024	0.000	0.369	0.138
550	283	0.000	0.372	0.000	0.091	0.537	0.000	0.000
551	2832	0.009	0.086	0.607	0.032	0.000	0.153	0.112
552	284	0.107	0.027	0.182	0.124	0.002	0.207	0.351
553	2848	0.094	0.001	0.778	0.032	0.001	0.059	0.034
554	2849	0.100	0.001	0.768	0.037	0.001	0.054	0.039
555	285	0.334	0.000	0.076	0.002	0.031	0.556	0.000
556	286	0.000	0.006	0.371	0.190	0.015	0.000	0.417
557	287	0.196	0.289	0.455	0.038	0.020	0.001	0.002
558	288	0.034	0.035	0.021	0.007	0.299	0.240	0.365
559	2881	0.016	0.000	0.884	0.081	0.002	0.001	0.016
560	289	0.017	0.208	0.067	0.003	0.048	0.361	0.298
561	2894	0.011	0.011	0.876	0.068	0.002	0.000	0.032
562	29	0.081	0.043	0.142	0.055	0.009	0.382	0.288
563	290	0.123	0.096	0.128	0.073	0.001	0.331	0.248
564	2908	0.023	0.000	0.791	0.024	0.001	0.108	0.052
565	291	0.092	0.393	0.437	0.001	0.049	0.002	0.026
566	2915	0.022	0.000	0.792	0.023	0.000	0.112	0.050
567	292	0.118	0.042	0.296	0.100	0.005	0.227	0.213
568	2927	0.011	0.005	0.820	0.065	0.001	0.073	0.025
569	293	0.187	0.034	0.283	0.301	0.032	0.002	0.162
570	294	0.227	0.334	0.112	0.003	0.003	0.272	0.049
571	295	0.443	0.029	0.019	0.002	0.013	0.046	0.448
572	296	0.001	0.004	0.345	0.155	0.025	0.335	0.136
573	2961	0.080	0.001	0.556	0.082	0.000	0.145	0.136
574	297	0.002	0.031	0.144	0.206	0.014	0.297	0.306
575	298	0.108	0.007	0.231	0.058	0.000	0.319	0.277
576	2984	0.002	0.067	0.564	0.114	0.001	0.150	0.102
577	299	0.066	0.066	0.193	0.042	0.000	0.363	0.269
578	3	0.065	0.020	0.493	0.010	0.000	0.302	0.109
579	30	0.229	0.043	0.144	0.233	0.003	0.002	0.347
580	300	0.048	0.001	0.061	0.081	0.001	0.192	0.615
581	301	0.001	0.569	0.032	0.062	0.001	0.294	0.042
582	302	0.178	0.040	0.283	0.184	0.002	0.002	0.311
583	303	0.082	0.094	0.292	0.016	0.000	0.376	0.141
584	304	0.075	0.110	0.105	0.064	0.000	0.444	0.201
585	305	0.785	0.000	0.000	0.002	0.213	0.000	0.000
586	306	0.031	0.180	0.436	0.001	0.000	0.000	0.351
587	307	0.922	0.001	0.000	0.000	0.077	0.000	0.000
588	308	0.068	0.090	0.384	0.096	0.016	0.338	0.008
589	309	0.012	0.003	0.453	0.138	0.004	0.179	0.211
590	31	0.126	0.263	0.173	0.015	0.001	0.275	0.147
591	310	0.241	0.429	0.329	0.001	0.000	0.000	0.001
592	3103	0.059	0.016	0.842	0.007	0.005	0.038	0.034
593	311	0.146	0.002	0.003	0.043	0.025	0.289	0.492
594	312	0.426	0.241	0.304	0.000	0.012	0.014	0.003
595	3123	0.032	0.001	0.476	0.101	0.001	0.228	0.162
596	313	0.000	0.088	0.490	0.024	0.089	0.000	0.309
597	314	0.169	0.126	0.520	0.000	0.080	0.104	0.000
598	315	0.016	0.008	0.237	0.084	0.001	0.482	0.172
599	316	0.033	0.009	0.303	0.026	0.001	0.401	0.227
600	317	0.012	0.005	0.340	0.234	0.007	0.398	0.002
601	318	0.001	0.999	0.000	0.000	0.000	0.000	0.000
602	319	0.110	0.049	0.187	0.167	0.008	0.141	0.337
603	32	0.038	0.039	0.263	0.019	0.000	0.444	0.197
604	320	0.193	0.370	0.226	0.003	0.049	0.000	0.160
605	321	0.117	0.065	0.002	0.353	0.047	0.238	0.179
606	322	0.031	0.187	0.034	0.063	0.014	0.069	0.601
607	323	0.067	0.055	0.301	0.037	0.019	0.292	0.230
608	324	0.024	0.003	0.414	0.180	0.048	0.315	0.017
609	3244	0.063	0.022	0.495	0.046	0.000	0.228	0.146
610	325	0.081	0.018	0.326	0.098	0.001	0.273	0.204
611	326	0.184	0.077	0.344	0.105	0.011	0.090	0.190
612	327	0.039	0.169	0.180	0.084	0.001	0.247	0.280
613	328	0.078	0.245	0.120	0.082	0.004	0.180	0.291
614	329	0.095	0.089	0.322	0.114	0.002	0.122	0.256
615	3291	0.016	0.000	0.865	0.061	0.000	0.048	0.011
616	33	0.026	0.116	0.228	0.048	0.001	0.301	0.280
617	330	0.052	0.004	0.173	0.141	0.002	0.434	0.194
618	331	0.033	0.151	0.151	0.028	0.001	0.328	0.309
619	332	0.173	0.007	0.402	0.152	0.017	0.021	0.229
620	333	0.001	0.000	0.364	0.108	0.211	0.122	0.193
621	334	0.594	0.003	0.000	0.000	0.198	0.203	0.002
622	335	0.093	0.167	0.078	0.068	0.003	0.319	0.272
623	336	0.151	0.014	0.263	0.174	0.021	0.236	0.141
624	337	0.126	0.008	0.158	0.009	0.033	0.642	0.024
625	338	0.014	0.000	0.000	0.112	0.000	0.612	0.262
626	339	0.075	0.058	0.054	0.056	0.009	0.000	0.747
627	34	0.129	0.021	0.666	0.123	0.025	0.036	0.001
628	340	0.052	0.099	0.290	0.017	0.005	0.200	0.339
629	341	0.059	0.017	0.311	0.008	0.000	0.429	0.176
630	342	0.051	0.119	0.219	0.088	0.000	0.198	0.324
631	343	0.163	0.173	0.246	0.190	0.000	0.090	0.137
632	344	0.278	0.006	0.167	0.018	0.004	0.368	0.159
633	345	0.194	0.053	0.371	0.233	0.005	0.125	0.017
634	346	0.055	0.289	0.195	0.001	0.000	0.005	0.455
635	347	0.025	0.142	0.194	0.072	0.001	0.260	0.307
636	348	0.032	0.008	0.526	0.015	0.000	0.272	0.145
637	349	0.236	0.002	0.498	0.176	0.045	0.038	0.006
638	35	0.043	0.213	0.251	0.030	0.004	0.390	0.069
639	350	0.208	0.005	0.038	0.030	0.059	0.480	0.180
640	351	0.151	0.011	0.238	0.145	0.004	0.217	0.234
641	352	0.170	0.462	0.003	0.025	0.013	0.020	0.308
642	353	0.169	0.005	0.056	0.033	0.002	0.517	0.218
643	354	0.053	0.225	0.087	0.030	0.001	0.125	0.479
644	355	0.185	0.050	0.123	0.137	0.058	0.234	0.214
645	356	0.028	0.033	0.248	0.113	0.005	0.170	0.403
646	357	0.001	0.174	0.233	0.264	0.075	0.071	0.182
647	358	0.170	0.010	0.114	0.055	0.010	0.633	0.009
648	359	0.366	0.000	0.003	0.042	0.015	0.079	0.495
649	36	0.029	0.133	0.331	0.016	0.000	0.196	0.295
650	360	0.110	0.014	0.424	0.033	0.003	0.257	0.158
651	3602	0.022	0.002	0.948	0.012	0.000	0.000	0.017
652	3603	0.029	0.002	0.941	0.014	0.001	0.000	0.014
653	361	0.149	0.016	0.000	0.000	0.004	0.532	0.299
654	362	0.024	0.196	0.333	0.057	0.000	0.286	0.103
655	363	0.198	0.069	0.039	0.295	0.017	0.119	0.262
656	364	0.013	0.083	0.182	0.018	0.000	0.423	0.281
657	365	0.048	0.146	0.083	0.124	0.001	0.284	0.314
658	366	0.156	0.043	0.073	0.057	0.017	0.358	0.297
659	367	0.008	0.000	0.382	0.571	0.000	0.037	0.002
660	368	0.001	0.281	0.277	0.118	0.031	0.227	0.065
661	369	0.042	0.053	0.172	0.012	0.000	0.465	0.256
662	37	0.032	0.046	0.281	0.010	0.000	0.413	0.218
663	370	0.000	0.046	0.432	0.281	0.002	0.000	0.239
664	371	0.068	0.165	0.040	0.068	0.016	0.193	0.451
665	372	0.039	0.001	0.017	0.004	0.012	0.574	0.353
666	373	0.043	0.116	0.181	0.059	0.000	0.377	0.223
667	374	0.042	0.258	0.266	0.038	0.001	0.165	0.231
668	375	0.059	0.214	0.070	0.188	0.004	0.112	0.352
669	376	0.098	0.412	0.490	0.000	0.000	0.000	0.000
670	377	0.255	0.073	0.090	0.038	0.011	0.016	0.517
671	378	0.000	0.432	0.001	0.147	0.028	0.000	0.392
672	379	0.062	0.464	0.182	0.078	0.022	0.143	0.049
673	38	0.012	0.437	0.382	0.045	0.001	0.075	0.049
674	380	0.000	0.297	0.000	0.400	0.018	0.002	0.283
675	381	0.007	0.043	0.305	0.029	0.018	0.292	0.305
676	382	0.285	0.293	0.098	0.126	0.003	0.028	0.167
677	383	0.009	0.193	0.010	0.111	0.005	0.354	0.319
678	384	0.230	0.027	0.072	0.090	0.007	0.509	0.066
679	385	0.227	0.001	0.115	0.000	0.016	0.213	0.428
680	386	0.054	0.004	0.315	0.029	0.000	0.431	0.167
681	387	0.000	0.396	0.567	0.026	0.011	0.000	0.000
682	388	0.137	0.024	0.411	0.107	0.000	0.000	0.321
683	389	0.094	0.038	0.080	0.476	0.008	0.056	0.246
684	39	0.065	0.159	0.085	0.506	0.039	0.145	0.000
685	390	0.142	0.030	0.291	0.037	0.004	0.327	0.170
686	391	0.118	0.168	0.345	0.254	0.002	0.077	0.037
687	392	0.004	0.276	0.233	0.026	0.000	0.218	0.243
688	393	0.103	0.231	0.175	0.059	0.003	0.222	0.208
689	394	0.000	0.719	0.230	0.000	0.018	0.000	0.033
690	395	0.000	0.150	0.747	0.038	0.001	0.006	0.058
691	396	0.320	0.000	0.006	0.000	0.120	0.019	0.535
692	397	0.128	0.093	0.198	0.239	0.010	0.260	0.072
693	398	0.056	0.085	0.076	0.049	0.000	0.363	0.370
694	399	0.086	0.176	0.452	0.108	0.001	0.048	0.130
695	4	0.181	0.134	0.259	0.005	0.007	0.000	0.414
696	40	0.154	0.005	0.001	0.248	0.001	0.232	0.359
697	400	0.000	0.274	0.102	0.107	0.035	0.462	0.019
698	401	0.000	0.271	0.106	0.107	0.036	0.463	0.017
699	402	0.093	0.040	0.200	0.107	0.002	0.321	0.238
700	403	0.539	0.000	0.211	0.012	0.068	0.000	0.169
701	404	0.113	0.116	0.000	0.238	0.058	0.345	0.131
702	405	0.342	0.577	0.044	0.001	0.035	0.000	0.001
703	406	0.313	0.003	0.000	0.056	0.001	0.007	0.621
704	407	0.085	0.111	0.168	0.037	0.000	0.245	0.353
705	408	0.000	0.012	0.256	0.006	0.027	0.000	0.699
706	409	0.051	0.006	0.110	0.134	0.001	0.427	0.272
707	41	0.099	0.009	0.127	0.160	0.017	0.469	0.120
708	410	0.046	0.185	0.009	0.076	0.018	0.464	0.202
709	411	0.019	0.234	0.218	0.033	0.000	0.328	0.168
710	412	0.117	0.004	0.129	0.010	0.046	0.678	0.016
711	413	0.351	0.009	0.027	0.090	0.002	0.389	0.132
712	414	0.049	0.477	0.046	0.148	0.117	0.004	0.158
713	415	0.310	0.150	0.143	0.298	0.015	0.002	0.082
714	416	0.102	0.090	0.259	0.214	0.004	0.277	0.054
715	417	0.288	0.059	0.616	0.031	0.003	0.003	0.001
716	418	0.011	0.022	0.461	0.216	0.106	0.000	0.184
717	419	0.001	0.000	0.000	0.182	0.071	0.307	0.439
718	42	0.098	0.105	0.199	0.083	0.005	0.001	0.508
719	420	0.054	0.138	0.323	0.014	0.001	0.330	0.141
720	421	0.214	0.017	0.006	0.036	0.015	0.026	0.686
721	422	0.492	0.000	0.290	0.005	0.047	0.165	0.001
722	423	0.848	0.001	0.107	0.001	0.030	0.008	0.005
723	424	0.126	0.009	0.326	0.175	0.009	0.225	0.131
724	425	0.002	0.366	0.178	0.052	0.013	0.306	0.083
725	426	0.111	0.120	0.000	0.236	0.058	0.342	0.134
726	427	0.000	0.033	0.237	0.001	0.012	0.010	0.706
727	428	0.133	0.002	0.122	0.118	0.011	0.581	0.033
728	429	0.004	0.007	0.704	0.037	0.000	0.188	0.059
729	43	0.009	0.007	0.736	0.002	0.128	0.108	0.011
730	430	0.008	0.026	0.222	0.109	0.003	0.530	0.102
731	431	0.000	0.970	0.000	0.000	0.019	0.000	0.011
732	432	0.098	0.169	0.053	0.026	0.001	0.385	0.268
733	433	0.047	0.058	0.256	0.053	0.021	0.015	0.550
734	434	0.422	0.026	0.002	0.049	0.061	0.439	0.000
735	435	0.782	0.000	0.000	0.002	0.216	0.000	0.000
736	436	0.001	0.021	0.738	0.014	0.033	0.001	0.191
737	437	0.018	0.352	0.006	0.046	0.016	0.331	0.232
738	438	0.269	0.006	0.130	0.018	0.003	0.401	0.172
739	439	0.276	0.022	0.067	0.098	0.002	0.130	0.405
740	44	0.005	0.043	0.373	0.063	0.004	0.195	0.316
741	440	0.102	0.127	0.149	0.115	0.001	0.278	0.229
742	441	0.235	0.051	0.313	0.085	0.002	0.132	0.182
743	442	0.074	0.186	0.317	0.003	0.003	0.164	0.252
744	443	0.876	0.000	0.028	0.070	0.026	0.000	0.000
745	444	0.024	0.018	0.093	0.162	0.003	0.619	0.081
746	445	0.097	0.126	0.502	0.031	0.029	0.213	0.001
747	446	0.485	0.002	0.001	0.126	0.048	0.189	0.149
748	447	0.030	0.009	0.224	0.285	0.032	0.167	0.254
749	448	0.131	0.029	0.204	0.100	0.000	0.005	0.529
750	449	0.054	0.234	0.244	0.014	0.071	0.127	0.256
751	45	0.332	0.005	0.279	0.054	0.045	0.038	0.248
752	450	0.128	0.002	0.003	0.230	0.060	0.177	0.400
753	451	0.064	0.004	0.687	0.057	0.000	0.006	0.181
754	452	0.096	0.144	0.194	0.026	0.001	0.426	0.113
755	453	0.086	0.073	0.200	0.039	0.002	0.403	0.198
756	454	0.002	0.007	0.615	0.045	0.002	0.000	0.330
757	455	0.006	0.000	0.008	0.958	0.010	0.004	0.014
758	456	0.240	0.131	0.113	0.210	0.012	0.003	0.293
759	457	0.060	0.321	0.011	0.023	0.002	0.458	0.125
760	458	0.467	0.000	0.011	0.001	0.049	0.083	0.389
761	459	0.009	0.041	0.085	0.168	0.007	0.325	0.366
762	46	0.056	0.151	0.183	0.016	0.002	0.141	0.451
763	460	0.287	0.135	0.111	0.020	0.007	0.198	0.242
764	461	0.136	0.054	0.073	0.080	0.034	0.253	0.369
765	462	0.128	0.166	0.394	0.008	0.000	0.097	0.208
766	463	0.057	0.058	0.208	0.044	0.000	0.413	0.219
767	464	0.194	0.003	0.227	0.174	0.011	0.298	0.092
768	465	0.146	0.139	0.370	0.105	0.004	0.018	0.218
769	466	0.002	0.023	0.000	0.569	0.027	0.015	0.365
770	467	0.076	0.075	0.051	0.072	0.019	0.163	0.545
771	468	0.269	0.062	0.033	0.332	0.010	0.235	0.059
772	469	0.135	0.019	0.339	0.175	0.001	0.184	0.148
773	47	0.037	0.120	0.288	0.090	0.000	0.129	0.336
774	470	0.150	0.083	0.222	0.036	0.000	0.196	0.312
775	471	0.022	0.085	0.193	0.030	0.000	0.526	0.144
776	472	0.040	0.090	0.145	0.056	0.001	0.526	0.141
777	473	0.390	0.000	0.130	0.108	0.083	0.184	0.104
778	474	0.052	0.197	0.298	0.059	0.000	0.304	0.090
779	475	0.006	0.238	0.219	0.226	0.003	0.149	0.159
780	476	0.057	0.134	0.146	0.043	0.000	0.430	0.190
781	477	0.251	0.268	0.280	0.007	0.171	0.001	0.023
782	478	0.191	0.017	0.089	0.080	0.016	0.313	0.294
783	479	0.133	0.128	0.684	0.000	0.044	0.000	0.010
784	48	0.049	0.005	0.517	0.106	0.016	0.164	0.142
785	480	0.298	0.000	0.003	0.432	0.200	0.067	0.000
786	481	0.005	0.167	0.406	0.066	0.034	0.166	0.155
787	482	0.212	0.148	0.298	0.012	0.017	0.223	0.090
788	483	0.132	0.124	0.192	0.019	0.007	0.165	0.363
789	484	0.006	0.170	0.003	0.015	0.049	0.000	0.757
790	485	0.111	0.193	0.025	0.142	0.001	0.226	0.302
791	486	0.099	0.063	0.202	0.016	0.009	0.309	0.303
792	487	0.352	0.170	0.162	0.000	0.071	0.000	0.244
793	488	0.047	0.030	0.655	0.062	0.002	0.157	0.046
794	489	0.039	0.067	0.371	0.005	0.000	0.303	0.215
